0.51
0.52
0.53
0.55
0.55
0.55
0.55
0.55
0.56
0.57
0.57
0.57
0.58
0.58
0.59
0.60
0.60
0.61
0.61
0.62
0.62
0.62
0.63
0.63
0.65
0.66
0.68
0.68
0.69
0.70
0.71
0.71
0.72
0.72
0.73
0.75
0.76
0.77
0.77
0.77
0.78
0.78
0.79
0.81
0.81
0.81
0.82
0.83
0.83
0.84
0.84
0.86
0.87
0.87
0.88
0.88
0.88
0.89
0.89
0.89
0.90
0.91
0.91
0.92
0.94
0.94
0.94
0.95
0.97
0.97
0.97
0.98
0.98
0.99
1.00
1.03
1.06
1.07
1.07
1.09
1.09
1.10
1.10
1.11
1.11
1.11
1.12
1.13
1.13
1.13
1.13
1.14
1.14
1.14
1.14
1.16
1.16
1.18
1.19
1.19
