1.196
1.195
1.192
1.192
1.189
1.185
1.183
1.180
1.180
1.179
1.173
1.171
1.170
1.167
1.167
1.166
1.166
1.162
1.157
1.156
1.154
1.154
1.149
1.145
1.145
1.141
1.140
1.133
1.131
1.130
1.126
1.121
1.121
1.114
1.110
1.107
1.104
1.102
1.100
1.095
1.083
1.079
1.078
1.073
1.072
1.066
1.066
1.055
1.054
1.052
1.050
1.049
1.048
1.044
1.044
1.044
1.043
1.043
1.042
1.037
1.032
1.031
1.030
1.029
1.026
1.024
1.021
1.020
1.013
1.010
1.009
1.002
0.994
0.994
0.993
0.990
0.990
0.989
0.988
0.979
0.975
0.968
0.968
0.959
0.955
0.954
0.950
0.950
0.949
0.944
0.942
0.941
0.923
0.922
0.921
0.916
0.915
0.913
0.912
0.910
0.908
0.905
0.902
0.898
0.896
0.891
0.884
0.882
0.878
0.876
0.876
0.861
0.858
0.856
0.852
0.851
0.851
0.848
0.846
0.846
0.842
0.841
0.837
0.834
0.833
0.832
0.830
0.824
0.822
0.820
0.820
0.817
0.816
0.814
0.812
0.810
0.808
0.807
0.804
0.803
0.802
0.798
0.798
0.794
0.791
0.786
0.785
0.779
0.778
0.771
0.766
0.764
0.762
0.760
0.760
0.759
0.753
0.753
0.747
0.744
0.741
0.738
0.736
0.735
0.735
0.735
0.735
0.732
0.731
0.730
0.729
0.728
0.721
0.718
0.717
0.714
0.711
0.710
0.710
0.709
0.708
0.702
0.701
0.700
0.700
0.698
0.686
0.684
0.682
0.681
0.679
0.677
0.670
0.670
0.666
0.662
0.652
0.651
0.650
0.649
0.649
0.645
0.644
0.643
0.639
0.626
0.625
0.623
0.618
0.617
0.616
0.612
0.610
0.603
0.603
0.598
0.592
0.592
0.591
0.586
0.586
0.585
0.583
0.573
0.565
0.563
0.563
0.562
0.562
0.558
0.556
0.554
0.550
0.549
0.546
0.544
0.544
0.541
0.534
0.534
0.534
0.526
0.526
0.525
0.524
0.523
0.523
0.511
0.511
0.501
