0.506
0.506
0.511
0.514
0.520
0.526
0.534
0.534
0.541
0.542
0.555
0.557
0.559
0.567
0.571
0.571
0.577
0.580
0.589
0.589
0.592
0.596
0.599
0.607
0.608
0.612
0.616
0.623
0.627
0.628
0.628
0.631
0.631
0.638
0.641
0.650
0.657
0.661
0.662
0.663
0.663
0.671
0.679
0.682
0.685
0.696
0.697
0.699
0.704
0.708
0.712
0.716
0.731
0.737
0.742
0.748
0.753
0.754
0.769
0.772
0.775
0.782
0.782
0.783
0.806
0.808
0.812
0.829
0.831
0.837
0.845
0.854
0.861
0.873
0.875
0.875
0.882
0.883
0.889
0.889
0.896
0.899
0.901
0.908
0.912
0.914
0.917
0.918
0.925
0.928
0.941
0.948
0.950
0.955
0.962
0.962
0.972
0.972
0.981
0.981
0.985
0.989
0.999
1.001
1.001
1.007
1.021
1.022
1.023
1.026
1.028
1.030
1.041
1.046
1.048
1.055
1.059
1.077
1.078
1.081
1.082
1.082
1.084
1.089
1.099
1.099
1.100
1.105
1.106
1.107
1.107
1.108
1.116
1.116
1.118
1.119
1.121
1.123
1.128
1.134
1.134
1.136
1.138
1.141
1.151
1.161
1.162
1.173
1.179
1.187
