0.504
0.505
0.506
0.509
0.509
0.510
0.513
0.513
0.516
0.519
0.520
0.523
0.524
0.526
0.527
0.528
0.528
0.529
0.530
0.535
0.540
0.541
0.542
0.549
0.550
0.553
0.553
0.555
0.556
0.562
0.562
0.566
0.567
0.568
0.570
0.575
0.575
0.576
0.580
0.584
0.586
0.587
0.590
0.591
0.591
0.591
0.591
0.592
0.593
0.596
0.596
0.597
0.603
0.607
0.614
0.616
0.619
0.622
0.624
0.624
0.629
0.630
0.632
0.640
0.642
0.649
0.649
0.658
0.666
0.666
0.667
0.669
0.670
0.672
0.672
0.674
0.675
0.676
0.683
0.683
0.685
0.691
0.693
0.696
0.698
0.701
0.707
0.708
0.711
0.717
0.720
0.727
0.728
0.730
0.735
0.737
0.739
0.741
0.743
0.744
0.747
0.749
0.751
0.755
0.757
0.762
0.767
0.769
0.770
0.772
0.773
0.774
0.774
0.776
0.776
0.777
0.781
0.782
0.785
0.787
0.792
0.798
0.800
0.804
0.813
0.814
0.814
0.815
0.821
0.821
0.821
0.821
0.825
0.826
0.826
0.828
0.830
0.832
0.832
0.841
0.841
0.842
0.842
0.843
0.847
0.848
0.849
0.852
0.852
0.861
0.865
0.868
0.870
0.871
0.873
0.874
0.877
0.878
0.879
0.879
0.882
0.888
0.890
0.894
0.895
0.899
0.900
0.901
0.902
0.903
0.907
0.908
0.910
0.911
0.916
0.917
0.918
0.919
0.919
0.920
0.926
0.931
0.932
0.935
0.936
0.940
0.941
0.943
0.943
0.945
0.946
0.947
0.949
0.950
0.951
0.951
0.954
0.954
0.959
0.960
0.962
0.969
0.971
0.972
0.973
0.973
0.974
0.977
0.980
0.982
0.987
0.989
0.993
0.995
0.998
1.005
1.008
1.009
1.010
1.011
1.013
1.015
1.016
1.025
1.033
1.035
1.035
1.036
1.037
1.038
1.039
1.040
1.041
1.041
1.043
1.044
1.045
1.047
1.047
1.052
1.057
1.062
1.069
1.069
1.077
1.080
1.082
1.084
1.090
1.092
1.094
1.094
1.095
1.097
1.098
1.099
1.100
1.101
1.101
1.102
1.106
1.106
1.111
1.113
1.114
1.115
1.116
1.122
1.123
1.124
1.126
1.128
1.135
1.137
1.137
1.140
1.142
1.147
1.147
1.147
1.149
1.149
1.150
1.156
1.157
1.158
1.159
1.160
1.164
1.164
1.166
1.169
1.169
1.170
1.173
1.177
1.181
1.196
1.196
1.197
