0.502
0.503
0.503
0.506
0.509
0.510
0.511
0.511
0.512
0.514
0.515
0.520
0.525
0.525
0.532
0.535
0.536
0.540
0.542
0.544
0.554
0.557
0.559
0.565
0.568
0.587
0.592
0.598
0.607
0.614
0.614
0.614
0.618
0.618
0.619
0.620
0.621
0.621
0.623
0.623
0.626
0.627
0.631
0.635
0.636
0.637
0.637
0.637
0.638
0.641
0.643
0.643
0.646
0.648
0.650
0.652
0.655
0.655
0.661
0.662
0.663
0.669
0.671
0.677
0.683
0.684
0.687
0.688
0.690
0.699
0.699
0.699
0.702
0.709
0.709
0.709
0.711
0.713
0.716
0.718
0.724
0.727
0.729
0.732
0.733
0.737
0.743
0.746
0.747
0.750
0.752
0.754
0.754
0.759
0.760
0.760
0.763
0.764
0.765
0.767
0.770
0.775
0.775
0.777
0.779
0.779
0.782
0.784
0.792
0.793
0.795
0.796
0.800
0.800
0.803
0.804
0.808
0.810
0.811
0.811
0.811
0.814
0.814
0.816
0.817
0.819
0.820
0.823
0.830
0.831
0.832
0.835
0.836
0.837
0.838
0.839
0.848
0.848
0.856
0.860
0.862
0.862
0.865
0.866
0.866
0.867
0.876
0.878
0.878
0.879
0.884
0.887
0.887
0.888
0.894
0.894
0.894
0.895
0.896
0.904
0.904
0.904
0.905
0.907
0.908
0.911
0.914
0.916
0.919
0.920
0.923
0.923
0.927
0.929
0.931
0.931
0.934
0.935
0.946
0.948
0.950
0.956
0.957
0.960
0.961
0.962
0.964
0.964
0.966
0.967
0.967
0.969
0.971
0.974
0.977
0.981
0.981
0.982
0.987
0.989
0.990
0.995
1.000
1.002
1.005
1.006
1.007
1.010
1.011
1.014
1.015
1.015
1.016
1.017
1.017
1.019
1.019
1.019
1.020
1.025
1.028
1.029
1.032
1.032
1.040
1.041
1.045
1.045
1.046
1.046
1.048
1.049
1.051
1.056
1.058
1.059
1.059
1.061
1.061
1.062
1.063
1.066
1.067
1.068
1.070
1.071
1.072
1.072
1.074
1.074
1.074
1.084
1.084
1.096
1.101
1.103
1.106
1.112
1.120
1.121
1.124
1.125
1.128
1.131
1.133
1.134
1.137
1.137
1.140
1.140
1.140
1.143
1.144
1.145
1.147
1.149
1.158
1.160
1.163
1.163
1.166
1.166
1.167
1.169
1.169
1.169
1.171
1.172
1.173
1.176
1.176
1.179
1.179
1.183
1.185
1.189
1.191
1.196
1.197
1.197
