0.896
0.895
0.895
0.890
0.886
0.882
0.881
0.879
0.878
0.877
0.864
0.861
0.860
0.858
0.857
0.857
0.854
0.848
0.838
0.836
0.831
0.830
0.820
0.819
0.819
0.819
0.818
0.816
0.816
0.811
0.808
0.807
0.806
0.806
0.805
0.802
0.799
0.794
0.779
0.778
0.776
0.773
0.773
0.766
0.762
0.762
0.761
0.755
0.754
0.751
0.747
0.744
0.742
0.740
0.735
0.733
0.729
0.715
0.704
0.703
0.702
0.693
0.693
0.686
0.683
0.681
0.680
0.673
0.669
0.668
0.667
0.663
0.663
0.649
0.648
0.640
0.637
0.635
0.634
0.623
0.607
0.597
0.596
0.594
0.592
0.591
0.588
0.587
0.586
0.584
0.580
0.574
0.572
0.571
0.569
0.563
0.562
0.560
0.557
0.554
0.551
0.551
0.550
0.547
0.546
0.544
0.541
0.540
0.540
0.539
0.537
0.537
0.537
0.525
0.524
0.523
0.521
0.520
0.515
0.507
0.502
0.499
0.497
0.491
0.491
0.490
0.487
0.484
0.481
0.479
0.478
0.476
0.466
0.458
0.452
0.451
0.449
0.447
0.441
0.438
0.436
0.432
0.432
0.429
0.428
0.424
0.422
0.418
0.411
0.410
