0.900
0.897
0.896
0.896
0.895
0.895
0.894
0.893
0.891
0.891
0.887
0.885
0.884
0.884
0.882
0.881
0.881
0.880
0.880
0.879
0.878
0.876
0.874
0.873
0.871
0.871
0.868
0.866
0.865
0.864
0.864
0.860
0.859
0.858
0.858
0.857
0.856
0.855
0.855
0.854
0.852
0.852
0.849
0.849
0.848
0.844
0.844
0.843
0.843
0.840
0.837
0.837
0.835
0.831
0.828
0.827
0.827
0.826
0.825
0.824
0.823
0.821
0.820
0.819
0.819
0.814
0.813
0.811
0.810
0.809
0.807
0.806
0.805
0.802
0.799
0.798
0.797
0.794
0.792
0.791
0.789
0.786
0.783
0.782
0.780
0.779
0.778
0.778
0.776
0.776
0.775
0.771
0.770
0.769
0.768
0.768
0.766
0.765
0.765
0.765
0.758
0.753
0.752
0.752
0.750
0.750
0.750
0.749
0.749
0.748
0.747
0.746
0.743
0.742
0.739
0.735
0.732
0.731
0.729
0.727
0.726
0.726
0.725
0.724
0.720
0.717
0.715
0.715
0.713
0.712
0.710
0.710
0.706
0.705
0.702
0.700
0.700
0.696
0.696
0.695
0.693
0.692
0.691
0.691
0.689
0.688
0.687
0.685
0.684
0.683
0.682
0.682
0.681
0.678
0.678
0.677
0.675
0.675
0.674
0.673
0.669
0.669
0.669
0.667
0.666
0.666
0.661
0.660
0.658
0.655
0.655
0.654
0.653
0.652
0.652
0.650
0.649
0.648
0.648
0.647
0.645
0.644
0.644
0.644
0.641
0.639
0.638
0.634
0.633
0.633
0.629
0.627
0.627
0.627
0.624
0.623
0.622
0.620
0.619
0.619
0.617
0.614
0.613
0.609
0.608
0.608
0.607
0.607
0.604
0.604
0.604
0.601
0.600
0.598
0.596
0.595
0.593
0.593
0.592
0.592
0.590
0.589
0.588
0.588
0.587
0.587
0.586
0.586
0.584
0.582
0.580
0.579
0.576
0.574
0.573
0.572
0.571
0.567
0.566
0.565
0.564
0.564
0.562
0.562
0.559
0.556
0.555
0.554
0.554
0.551
0.548
0.547
0.547
0.546
0.546
0.545
0.544
0.543
0.542
0.542
0.541
0.540
0.538
0.538
0.537
0.536
0.535
0.535
0.534
0.533
0.533
0.533
0.532
0.531
0.530
0.530
0.525
0.521
0.521
0.520
0.520
0.519
0.518
0.517
0.517
0.516
0.516
0.515
0.515
0.515
0.514
0.510
0.507
0.505
0.502
0.502
0.502
0.501
0.500
0.500
