0.73
1.02
0.54
0.53
0.85
0.55
0.99
0.52
0.58
1.13
1.11
0.52
0.70
1.10
1.07
0.67
0.63
0.83
0.68
0.59
0.80
0.73
0.77
0.70
0.91
0.90
0.81
1.19
1.07
0.63
0.54
0.56
0.65
0.71
0.75
1.15
0.74
0.53
0.93
0.65
1.04
0.98
0.74
0.80
1.16
0.77
1.16
0.53
0.62
1.15
1.14
0.72
0.75
0.65
1.11
0.57
0.68
0.75
0.53
0.98
1.00
1.01
0.84
0.59
0.95
0.90
0.52
0.90
0.56
0.58
1.07
0.95
1.15
0.89
0.90
0.65
0.67
0.59
1.03
0.81
0.69
1.04
0.59
0.72
0.99
0.78
0.55
0.56
0.63
0.76
0.58
1.05
1.03
0.56
0.74
0.61
0.98
0.53
0.67
1.00
0.60
1.05
1.09
0.86
1.09
1.11
0.78
0.57
0.58
0.74
0.56
0.79
0.71
0.83
0.68
0.69
1.09
0.64
0.75
0.81
1.03
0.58
0.78
0.70
0.67
0.75
1.01
1.08
1.17
1.04
1.01
0.83
1.11
1.15
1.15
0.76
1.06
1.18
0.66
1.00
1.01
0.77
0.59
0.93
1.10
0.76
0.81
0.73
0.65
0.81
