0.86
0.59
0.81
1.12
0.62
0.80
0.70
1.10
0.84
0.85
0.87
0.77
0.85
0.88
0.90
1.00
0.80
0.82
0.78
0.64
0.60
0.80
0.87
0.77
0.50
0.83
0.75
0.85
0.86
1.02
1.02
0.89
0.66
0.91
0.79
0.58
0.64
0.60
0.81
0.93
0.90
0.82
0.71
0.85
0.95
0.69
0.78
0.55
0.87
1.00
0.87
0.86
0.72
1.00
1.02
0.65
0.55
0.89
1.01
0.72
1.10
0.94
0.95
0.86
0.93
1.03
0.92
0.99
0.63
0.70
0.67
0.70
0.81
0.73
1.11
0.98
0.62
1.01
0.76
0.60
0.62
0.89
1.01
0.88
0.92
0.73
0.67
0.85
0.77
0.85
0.67
0.73
0.97
0.70
0.84
0.89
1.03
0.80
0.84
0.93
0.89
0.69
1.14
0.99
0.94
0.92
0.82
0.65
1.14
0.73
0.89
0.89
0.70
0.94
0.52
0.99
1.05
1.00
0.92
1.06
0.92
0.91
1.05
1.15
1.00
0.66
0.70
0.81
0.82
0.97
1.10
0.87
0.63
0.78
0.88
0.80
0.76
1.09
1.03
0.92
0.74
0.92
1.08
0.86
0.77
0.77
0.57
0.85
1.11
1.03
1.10
0.98
0.79
0.73
0.50
0.75
0.84
0.86
0.78
0.98
0.98
1.02
0.98
0.53
0.78
0.90
0.62
0.78
0.87
0.87
0.87
0.85
1.01
0.88
1.00
0.75
0.87
0.95
0.85
0.99
0.85
0.86
0.81
0.86
0.75
1.08
0.82
0.86
1.11
0.80
0.62
0.96
0.88
1.01
0.83
0.65
0.86
1.17
0.81
0.84
0.73
0.91
0.97
0.91
0.93
0.75
0.73
0.86
0.77
0.93
0.91
0.89
0.77
0.74
0.88
0.99
1.06
0.97
0.87
0.90
0.51
0.95
0.96
1.13
0.78
0.63
0.96
0.89
0.91
0.70
0.73
0.68
0.90
0.94
0.73
0.90
0.85
1.06
0.92
0.78
0.78
0.96
1.02
1.05
0.76
0.56
0.72
0.96
1.18
1.02
0.92
0.98
0.84
0.81
0.65
0.69
0.95
0.73
0.78
0.78
0.98
0.94
0.84
0.75
0.85
0.90
0.58
0.90
0.78
0.98
1.11
0.98
1.01
0.88
1.01
1.04
0.89
0.82
0.91
0.80
0.74
0.87
0.97
0.92
0.96
0.85
0.94
0.91
1.19
0.80
0.89
0.75
0.97
0.85
0.86
0.87
1.08
0.75
0.91
1.08
