1.09
0.68
0.86
0.53
0.55
0.75
0.88
0.57
0.57
0.81
1.05
0.50
0.70
1.02
1.15
0.82
0.64
0.91
0.60
0.60
1.04
1.13
0.78
1.16
0.81
1.01
1.06
0.78
0.58
0.58
0.73
0.86
0.65
0.64
1.06
0.54
0.83
0.78
1.16
0.98
1.07
0.98
0.56
0.93
1.02
1.00
1.08
0.59
0.82
0.69
1.17
0.68
1.05
0.78
0.58
0.52
0.85
0.94
0.78
0.79
1.17
0.50
0.52
1.00
0.70
1.10
0.65
1.10
1.04
0.86
0.88
1.08
0.72
0.81
0.90
0.93
0.57
0.75
0.78
0.78
0.75
0.89
1.08
0.52
0.56
0.84
0.56
0.86
0.76
0.65
1.06
0.60
0.65
0.75
0.78
1.20
1.18
0.59
1.02
0.85
0.85
1.00
1.04
0.62
0.69
0.94
0.52
0.97
0.84
0.88
1.18
0.78
0.97
0.96
0.98
1.16
1.09
1.07
0.73
1.06
0.96
1.02
0.63
1.04
1.09
0.85
0.71
0.77
0.70
0.69
0.85
0.88
0.60
1.06
1.14
0.67
0.82
0.90
0.85
1.08
1.05
1.05
1.09
0.89
1.06
0.63
0.66
0.83
1.00
0.84
1.08
0.76
0.81
0.75
0.67
0.98
0.96
0.66
0.73
1.00
0.73
0.85
0.90
1.18
0.72
0.55
1.15
0.82
0.92
1.02
0.73
0.78
0.88
0.54
0.74
1.04
0.81
1.07
0.77
1.17
0.91
1.02
1.15
1.12
0.69
0.72
0.52
0.71
0.61
0.89
0.66
0.58
0.82
0.69
0.92
1.06
1.13
0.64
1.10
0.61
0.81
0.56
0.73
0.54
0.99
0.57
0.58
0.53
0.50
0.53
0.90
0.97
0.82
0.77
0.90
0.54
0.67
0.56
0.94
1.14
1.19
0.50
0.65
1.08
1.19
0.60
0.75
0.92
1.04
1.16
0.77
1.13
1.13
0.60
0.77
0.76
0.54
0.59
1.18
1.13
1.11
0.61
1.18
0.68
1.04
0.82
1.04
0.64
0.87
1.03
1.16
0.77
0.80
0.56
0.52
0.60
0.53
0.58
0.79
1.03
1.01
1.17
0.99
0.66
0.56
0.98
0.57
0.82
1.05
0.85
0.64
0.65
1.00
0.85
0.85
0.99
0.62
1.12
0.87
1.14
1.10
0.52
0.75
1.13
1.05
0.91
0.84
1.03
0.85
0.81
1.05
0.60
0.79
0.53
1.17
0.51
0.89
0.62
0.95
0.85
