1.194
1.192
1.190
1.183
1.183
1.182
1.180
1.177
1.177
1.168
1.165
1.163
1.161
1.161
1.158
1.154
1.139
1.138
1.135
1.113
1.113
1.109
1.107
1.106
1.096
1.091
1.079
1.068
1.066
1.060
1.058
1.056
1.051
1.049
1.047
1.046
1.044
1.040
1.025
1.012
1.009
0.998
0.997
0.996
0.989
0.982
0.982
0.965
0.963
0.960
0.955
0.947
0.945
0.931
0.924
0.922
0.920
0.915
0.912
0.908
0.907
0.904
0.900
0.894
0.892
0.890
0.890
0.885
0.883
0.878
0.878
0.875
0.874
0.872
0.870
0.867
0.867
0.863
0.862
0.860
0.853
0.851
0.849
0.844
0.840
0.828
0.824
0.823
0.821
0.813
0.801
0.796
0.787
0.782
0.781
0.773
0.757
0.753
0.745
0.745
0.741
0.735
0.733
0.728
0.725
0.724
0.718
0.716
0.715
0.715
0.701
0.698
0.694
0.694
0.692
0.691
0.684
0.677
0.675
0.671
0.669
0.668
0.657
0.653
0.639
0.638
0.626
0.622
0.599
0.596
0.593
0.584
0.581
0.580
0.575
0.574
0.563
0.559
0.557
0.556
0.551
0.543
0.536
0.533
0.532
0.527
0.526
0.526
0.513
0.501
