0.504
0.514
0.520
0.523
0.536
0.540
0.541
0.543
0.549
0.556
0.561
0.562
0.564
0.571
0.571
0.576
0.600
0.601
0.608
0.609
0.611
0.611
0.615
0.619
0.621
0.622
0.627
0.630
0.636
0.641
0.653
0.658
0.661
0.671
0.675
0.676
0.686
0.696
0.701
0.702
0.715
0.724
0.725
0.726
0.727
0.728
0.735
0.737
0.743
0.752
0.757
0.758
0.762
0.766
0.766
0.791
0.794
0.796
0.796
0.806
0.811
0.815
0.816
0.829
0.831
0.832
0.832
0.835
0.838
0.838
0.838
0.854
0.855
0.855
0.868
0.872
0.879
0.882
0.888
0.900
0.904
0.905
0.906
0.910
0.922
0.936
0.940
0.940
0.944
0.948
0.948
0.951
0.953
0.955
0.958
0.965
0.970
0.985
0.986
0.989
0.990
0.991
0.994
1.003
1.003
1.005
1.009
1.018
1.023
1.025
1.031
1.033
1.033
1.047
1.052
1.056
1.064
1.066
1.070
1.076
1.079
1.081
1.082
1.085
1.091
1.093
1.093
1.100
1.105
1.108
1.110
1.111
1.111
1.117
1.118
1.120
1.122
1.129
1.130
1.133
1.135
1.152
1.152
1.165
1.169
1.178
1.183
1.185
1.193
1.200
