1.199
1.195
1.193
1.186
1.184
1.183
1.181
1.181
1.180
1.174
1.170
1.168
1.165
1.164
1.161
1.161
1.153
1.152
1.151
1.150
1.149
1.147
1.147
1.146
1.144
1.143
1.143
1.137
1.136
1.135
1.133
1.133
1.131
1.130
1.128
1.125
1.124
1.124
1.120
1.120
1.119
1.117
1.117
1.116
1.116
1.113
1.105
1.097
1.096
1.095
1.087
1.085
1.084
1.074
1.072
1.068
1.067
1.067
1.065
1.063
1.063
1.059
1.058
1.057
1.055
1.054
1.052
1.049
1.046
1.046
1.044
1.043
1.043
1.043
1.040
1.039
1.037
1.037
1.035
1.035
1.030
1.030
1.025
1.025
1.017
1.015
1.015
1.013
1.012
1.003
1.002
1.000
1.000
0.997
0.995
0.994
0.994
0.989
0.988
0.985
0.985
0.984
0.984
0.984
0.982
0.981
0.977
0.972
0.970
0.970
0.970
0.966
0.965
0.962
0.961
0.955
0.954
0.952
0.945
0.939
0.938
0.937
0.935
0.932
0.930
0.927
0.923
0.922
0.922
0.920
0.919
0.919
0.915
0.914
0.912
0.910
0.908
0.906
0.900
0.900
0.899
0.898
0.897
0.896
0.895
0.895
0.893
0.887
0.884
0.884
0.875
0.870
0.867
0.863
0.858
0.857
0.854
0.851
0.850
0.849
0.848
0.846
0.844
0.844
0.839
0.824
0.823
0.823
0.823
0.818
0.817
0.816
0.813
0.813
0.810
0.808
0.807
0.807
0.804
0.804
0.801
0.800
0.798
0.797
0.796
0.796
0.792
0.791
0.788
0.786
0.780
0.776
0.775
0.774
0.774
0.770
0.769
0.765
0.759
0.751
0.744
0.741
0.728
0.722
0.720
0.717
0.715
0.715
0.711
0.707
0.706
0.705
0.701
0.700
0.699
0.697
0.695
0.695
0.694
0.689
0.685
0.685
0.682
0.680
0.678
0.675
0.672
0.670
0.668
0.666
0.665
0.664
0.661
0.660
0.658
0.657
0.657
0.656
0.656
0.647
0.643
0.640
0.640
0.637
0.626
0.623
0.620
0.619
0.617
0.613
0.612
0.609
0.608
0.604
0.603
0.601
0.601
0.599
0.599
0.597
0.596
0.594
0.593
0.588
0.587
0.583
0.583
0.579
0.573
0.570
0.568
0.567
0.564
0.562
0.560
0.560
0.557
0.555
0.553
0.546
0.545
0.540
0.539
0.535
0.531
0.531
0.527
0.527
0.525
0.523
0.522
0.521
0.519
0.518
0.516
0.516
0.512
0.505
0.504
0.500
